FIRST
-997.800 -1.000 0.000 -1.000 0.000 0.000 0.000 0.000 0.000 5000.000 
-1.000 3.200 -1.000 0.000 -1.000 0.000 0.000 0.000 0.000 0.000 
0.000 -1.000 2.200 0.000 0.000 -1.000 0.000 0.000 0.000 0.000 
-1.000 0.000 0.000 3.200 -1.000 0.000 -1.000 0.000 0.000 0.000 
0.000 -1.000 0.000 -1.000 4.200 -1.000 0.000 -1.000 0.000 0.000 
0.000 0.000 -1.000 0.000 -1.000 3.200 0.000 0.000 -1.000 0.000 
0.000 0.000 0.000 -1.000 0.000 0.000 2.200 -1.000 0.000 0.000 
0.000 0.000 0.000 0.000 -1.000 0.000 -1.000 3.200 -1.000 0.000 
0.000 0.000 0.000 0.000 0.000 -1.000 0.000 -1.000 2.200 0.000 

0
FIRST
-997.800 -1.000 0.000 -1.000 0.000 0.000 0.000 0.000 0.000 4998.999 
-1.000 3.200 -1.000 0.000 -1.000 0.000 0.000 0.000 0.000 -0.613 
0.000 -1.000 2.200 0.000 0.000 -1.000 0.000 0.000 0.000 -0.469 
-1.000 0.000 0.000 3.200 -1.000 0.000 -1.000 0.000 0.000 -0.613 
0.000 -1.000 0.000 -1.000 4.200 -1.000 0.000 -1.000 0.000 -0.492 
0.000 0.000 -1.000 0.000 -1.000 3.200 0.000 0.000 -1.000 -0.420 
0.000 0.000 0.000 -1.000 0.000 0.000 2.200 -1.000 0.000 -0.469 
0.000 0.000 0.000 0.000 -1.000 0.000 -1.000 3.200 -1.000 -0.420 
0.000 0.000 0.000 0.000 0.000 -1.000 0.000 -1.000 2.200 -0.381 

0.5
FIRST
-997.800 -1.000 0.000 -1.000 0.000 0.000 0.000 0.000 0.000 4999.000 
-1.000 3.200 -1.000 0.000 -1.000 0.000 0.000 0.000 0.000 -0.806 
0.000 -1.000 2.200 0.000 0.000 -1.000 0.000 0.000 0.000 -0.721 
-1.000 0.000 0.000 3.200 -1.000 0.000 -1.000 0.000 0.000 -0.806 
0.000 -1.000 0.000 -1.000 4.200 -1.000 0.000 -1.000 0.000 -0.734 
0.000 0.000 -1.000 0.000 -1.000 3.200 0.000 0.000 -1.000 -0.687 
0.000 0.000 0.000 -1.000 0.000 0.000 2.200 -1.000 0.000 -0.721 
0.000 0.000 0.000 0.000 -1.000 0.000 -1.000 3.200 -1.000 -0.687 
0.000 0.000 0.000 0.000 0.000 -1.000 0.000 -1.000 2.200 -0.659 

1
FIRST
-997.800 -1.000 0.000 -1.000 0.000 0.000 0.000 0.000 0.000 4999.000 
-1.000 3.200 -1.000 0.000 -1.000 0.000 0.000 0.000 0.000 -0.898 
0.000 -1.000 2.200 0.000 0.000 -1.000 0.000 0.000 0.000 -0.853 
-1.000 0.000 0.000 3.200 -1.000 0.000 -1.000 0.000 0.000 -0.898 
0.000 -1.000 0.000 -1.000 4.200 -1.000 0.000 -1.000 0.000 -0.859 
0.000 0.000 -1.000 0.000 -1.000 3.200 0.000 0.000 -1.000 -0.834 
0.000 0.000 0.000 -1.000 0.000 0.000 2.200 -1.000 0.000 -0.853 
0.000 0.000 0.000 0.000 -1.000 0.000 -1.000 3.200 -1.000 -0.834 
0.000 0.000 0.000 0.000 0.000 -1.000 0.000 -1.000 2.200 -0.818 

1.5
FIRST
-997.800 -1.000 0.000 -1.000 0.000 0.000 0.000 0.000 0.000 4999.000 
-1.000 3.200 -1.000 0.000 -1.000 0.000 0.000 0.000 0.000 -0.946 
0.000 -1.000 2.200 0.000 0.000 -1.000 0.000 0.000 0.000 -0.922 
-1.000 0.000 0.000 3.200 -1.000 0.000 -1.000 0.000 0.000 -0.946 
0.000 -1.000 0.000 -1.000 4.200 -1.000 0.000 -1.000 0.000 -0.925 
0.000 0.000 -1.000 0.000 -1.000 3.200 0.000 0.000 -1.000 -0.912 
0.000 0.000 0.000 -1.000 0.000 0.000 2.200 -1.000 0.000 -0.922 
0.000 0.000 0.000 0.000 -1.000 0.000 -1.000 3.200 -1.000 -0.912 
0.000 0.000 0.000 0.000 0.000 -1.000 0.000 -1.000 2.200 -0.903 

2
FIRST
-997.800 -1.000 0.000 -1.000 0.000 0.000 0.000 0.000 0.000 4999.000 
-1.000 3.200 -1.000 0.000 -1.000 0.000 0.000 0.000 0.000 -0.971 
0.000 -1.000 2.200 0.000 0.000 -1.000 0.000 0.000 0.000 -0.959 
-1.000 0.000 0.000 3.200 -1.000 0.000 -1.000 0.000 0.000 -0.971 
0.000 -1.000 0.000 -1.000 4.200 -1.000 0.000 -1.000 0.000 -0.960 
0.000 0.000 -1.000 0.000 -1.000 3.200 0.000 0.000 -1.000 -0.953 
0.000 0.000 0.000 -1.000 0.000 0.000 2.200 -1.000 0.000 -0.959 
0.000 0.000 0.000 0.000 -1.000 0.000 -1.000 3.200 -1.000 -0.953 
0.000 0.000 0.000 0.000 0.000 -1.000 0.000 -1.000 2.200 -0.948 

2.5
FIRST
-997.800 -1.000 0.000 -1.000 0.000 0.000 0.000 0.000 0.000 4999.000 
-1.000 3.200 -1.000 0.000 -1.000 0.000 0.000 0.000 0.000 -0.985 
0.000 -1.000 2.200 0.000 0.000 -1.000 0.000 0.000 0.000 -0.978 
-1.000 0.000 0.000 3.200 -1.000 0.000 -1.000 0.000 0.000 -0.985 
0.000 -1.000 0.000 -1.000 4.200 -1.000 0.000 -1.000 0.000 -0.979 
0.000 0.000 -1.000 0.000 -1.000 3.200 0.000 0.000 -1.000 -0.975 
0.000 0.000 0.000 -1.000 0.000 0.000 2.200 -1.000 0.000 -0.978 
0.000 0.000 0.000 0.000 -1.000 0.000 -1.000 3.200 -1.000 -0.975 
0.000 0.000 0.000 0.000 0.000 -1.000 0.000 -1.000 2.200 -0.973 

3
FIRST
-997.800 -1.000 0.000 -1.000 0.000 0.000 0.000 0.000 0.000 4999.000 
-1.000 3.200 -1.000 0.000 -1.000 0.000 0.000 0.000 0.000 -0.992 
0.000 -1.000 2.200 0.000 0.000 -1.000 0.000 0.000 0.000 -0.988 
-1.000 0.000 0.000 3.200 -1.000 0.000 -1.000 0.000 0.000 -0.992 
0.000 -1.000 0.000 -1.000 4.200 -1.000 0.000 -1.000 0.000 -0.989 
0.000 0.000 -1.000 0.000 -1.000 3.200 0.000 0.000 -1.000 -0.987 
0.000 0.000 0.000 -1.000 0.000 0.000 2.200 -1.000 0.000 -0.988 
0.000 0.000 0.000 0.000 -1.000 0.000 -1.000 3.200 -1.000 -0.987 
0.000 0.000 0.000 0.000 0.000 -1.000 0.000 -1.000 2.200 -0.985 

3.5
FIRST
-997.800 -1.000 0.000 -1.000 0.000 0.000 0.000 0.000 0.000 4999.000 
-1.000 3.200 -1.000 0.000 -1.000 0.000 0.000 0.000 0.000 -0.996 
0.000 -1.000 2.200 0.000 0.000 -1.000 0.000 0.000 0.000 -0.994 
-1.000 0.000 0.000 3.200 -1.000 0.000 -1.000 0.000 0.000 -0.996 
0.000 -1.000 0.000 -1.000 4.200 -1.000 0.000 -1.000 0.000 -0.994 
0.000 0.000 -1.000 0.000 -1.000 3.200 0.000 0.000 -1.000 -0.993 
0.000 0.000 0.000 -1.000 0.000 0.000 2.200 -1.000 0.000 -0.994 
0.000 0.000 0.000 0.000 -1.000 0.000 -1.000 3.200 -1.000 -0.993 
0.000 0.000 0.000 0.000 0.000 -1.000 0.000 -1.000 2.200 -0.992 

4
FIRST
-997.800 -1.000 0.000 -1.000 0.000 0.000 0.000 0.000 0.000 4999.000 
-1.000 3.200 -1.000 0.000 -1.000 0.000 0.000 0.000 0.000 -0.998 
0.000 -1.000 2.200 0.000 0.000 -1.000 0.000 0.000 0.000 -0.997 
-1.000 0.000 0.000 3.200 -1.000 0.000 -1.000 0.000 0.000 -0.998 
0.000 -1.000 0.000 -1.000 4.200 -1.000 0.000 -1.000 0.000 -0.997 
0.000 0.000 -1.000 0.000 -1.000 3.200 0.000 0.000 -1.000 -0.996 
0.000 0.000 0.000 -1.000 0.000 0.000 2.200 -1.000 0.000 -0.997 
0.000 0.000 0.000 0.000 -1.000 0.000 -1.000 3.200 -1.000 -0.996 
0.000 0.000 0.000 0.000 0.000 -1.000 0.000 -1.000 2.200 -0.996 

4.5
FIRST
-997.800 -1.000 0.000 -1.000 0.000 0.000 0.000 0.000 0.000 4999.000 
-1.000 3.200 -1.000 0.000 -1.000 0.000 0.000 0.000 0.000 -0.999 
0.000 -1.000 2.200 0.000 0.000 -1.000 0.000 0.000 0.000 -0.998 
-1.000 0.000 0.000 3.200 -1.000 0.000 -1.000 0.000 0.000 -0.999 
0.000 -1.000 0.000 -1.000 4.200 -1.000 0.000 -1.000 0.000 -0.998 
0.000 0.000 -1.000 0.000 -1.000 3.200 0.000 0.000 -1.000 -0.998 
0.000 0.000 0.000 -1.000 0.000 0.000 2.200 -1.000 0.000 -0.998 
0.000 0.000 0.000 0.000 -1.000 0.000 -1.000 3.200 -1.000 -0.998 
0.000 0.000 0.000 0.000 0.000 -1.000 0.000 -1.000 2.200 -0.998 

5
FIRST
-997.800 -1.000 0.000 -1.000 0.000 0.000 0.000 0.000 0.000 4999.000 
-1.000 3.200 -1.000 0.000 -1.000 0.000 0.000 0.000 0.000 -0.999 
0.000 -1.000 2.200 0.000 0.000 -1.000 0.000 0.000 0.000 -0.999 
-1.000 0.000 0.000 3.200 -1.000 0.000 -1.000 0.000 0.000 -0.999 
0.000 -1.000 0.000 -1.000 4.200 -1.000 0.000 -1.000 0.000 -0.999 
0.000 0.000 -1.000 0.000 -1.000 3.200 0.000 0.000 -1.000 -0.999 
0.000 0.000 0.000 -1.000 0.000 0.000 2.200 -1.000 0.000 -0.999 
0.000 0.000 0.000 0.000 -1.000 0.000 -1.000 3.200 -1.000 -0.999 
0.000 0.000 0.000 0.000 0.000 -1.000 0.000 -1.000 2.200 -0.999 

5.5
FIRST
-997.800 -1.000 0.000 -1.000 0.000 0.000 0.000 0.000 0.000 4999.000 
-1.000 3.200 -1.000 0.000 -1.000 0.000 0.000 0.000 0.000 -1.000 
0.000 -1.000 2.200 0.000 0.000 -1.000 0.000 0.000 0.000 -1.000 
-1.000 0.000 0.000 3.200 -1.000 0.000 -1.000 0.000 0.000 -1.000 
0.000 -1.000 0.000 -1.000 4.200 -1.000 0.000 -1.000 0.000 -1.000 
0.000 0.000 -1.000 0.000 -1.000 3.200 0.000 0.000 -1.000 -0.999 
0.000 0.000 0.000 -1.000 0.000 0.000 2.200 -1.000 0.000 -1.000 
0.000 0.000 0.000 0.000 -1.000 0.000 -1.000 3.200 -1.000 -0.999 
0.000 0.000 0.000 0.000 0.000 -1.000 0.000 -1.000 2.200 -0.999 

6
FIRST
-997.800 -1.000 0.000 -1.000 0.000 0.000 0.000 0.000 0.000 4999.000 
-1.000 3.200 -1.000 0.000 -1.000 0.000 0.000 0.000 0.000 -1.000 
0.000 -1.000 2.200 0.000 0.000 -1.000 0.000 0.000 0.000 -1.000 
-1.000 0.000 0.000 3.200 -1.000 0.000 -1.000 0.000 0.000 -1.000 
0.000 -1.000 0.000 -1.000 4.200 -1.000 0.000 -1.000 0.000 -1.000 
0.000 0.000 -1.000 0.000 -1.000 3.200 0.000 0.000 -1.000 -1.000 
0.000 0.000 0.000 -1.000 0.000 0.000 2.200 -1.000 0.000 -1.000 
0.000 0.000 0.000 0.000 -1.000 0.000 -1.000 3.200 -1.000 -1.000 
0.000 0.000 0.000 0.000 0.000 -1.000 0.000 -1.000 2.200 -1.000 

6.5
FIRST
-997.800 -1.000 0.000 -1.000 0.000 0.000 0.000 0.000 0.000 4999.000 
-1.000 3.200 -1.000 0.000 -1.000 0.000 0.000 0.000 0.000 -1.000 
0.000 -1.000 2.200 0.000 0.000 -1.000 0.000 0.000 0.000 -1.000 
-1.000 0.000 0.000 3.200 -1.000 0.000 -1.000 0.000 0.000 -1.000 
0.000 -1.000 0.000 -1.000 4.200 -1.000 0.000 -1.000 0.000 -1.000 
0.000 0.000 -1.000 0.000 -1.000 3.200 0.000 0.000 -1.000 -1.000 
0.000 0.000 0.000 -1.000 0.000 0.000 2.200 -1.000 0.000 -1.000 
0.000 0.000 0.000 0.000 -1.000 0.000 -1.000 3.200 -1.000 -1.000 
0.000 0.000 0.000 0.000 0.000 -1.000 0.000 -1.000 2.200 -1.000 

7
FIRST
-997.800 -1.000 0.000 -1.000 0.000 0.000 0.000 0.000 0.000 4999.000 
-1.000 3.200 -1.000 0.000 -1.000 0.000 0.000 0.000 0.000 -1.000 
0.000 -1.000 2.200 0.000 0.000 -1.000 0.000 0.000 0.000 -1.000 
-1.000 0.000 0.000 3.200 -1.000 0.000 -1.000 0.000 0.000 -1.000 
0.000 -1.000 0.000 -1.000 4.200 -1.000 0.000 -1.000 0.000 -1.000 
0.000 0.000 -1.000 0.000 -1.000 3.200 0.000 0.000 -1.000 -1.000 
0.000 0.000 0.000 -1.000 0.000 0.000 2.200 -1.000 0.000 -1.000 
0.000 0.000 0.000 0.000 -1.000 0.000 -1.000 3.200 -1.000 -1.000 
0.000 0.000 0.000 0.000 0.000 -1.000 0.000 -1.000 2.200 -1.000 

7.5
FIRST
-997.800 -1.000 0.000 -1.000 0.000 0.000 0.000 0.000 0.000 4999.000 
-1.000 3.200 -1.000 0.000 -1.000 0.000 0.000 0.000 0.000 -1.000 
0.000 -1.000 2.200 0.000 0.000 -1.000 0.000 0.000 0.000 -1.000 
-1.000 0.000 0.000 3.200 -1.000 0.000 -1.000 0.000 0.000 -1.000 
0.000 -1.000 0.000 -1.000 4.200 -1.000 0.000 -1.000 0.000 -1.000 
0.000 0.000 -1.000 0.000 -1.000 3.200 0.000 0.000 -1.000 -1.000 
0.000 0.000 0.000 -1.000 0.000 0.000 2.200 -1.000 0.000 -1.000 
0.000 0.000 0.000 0.000 -1.000 0.000 -1.000 3.200 -1.000 -1.000 
0.000 0.000 0.000 0.000 0.000 -1.000 0.000 -1.000 2.200 -1.000 

8
FIRST
-997.800 -1.000 0.000 -1.000 0.000 0.000 0.000 0.000 0.000 4999.000 
-1.000 3.200 -1.000 0.000 -1.000 0.000 0.000 0.000 0.000 -1.000 
0.000 -1.000 2.200 0.000 0.000 -1.000 0.000 0.000 0.000 -1.000 
-1.000 0.000 0.000 3.200 -1.000 0.000 -1.000 0.000 0.000 -1.000 
0.000 -1.000 0.000 -1.000 4.200 -1.000 0.000 -1.000 0.000 -1.000 
0.000 0.000 -1.000 0.000 -1.000 3.200 0.000 0.000 -1.000 -1.000 
0.000 0.000 0.000 -1.000 0.000 0.000 2.200 -1.000 0.000 -1.000 
0.000 0.000 0.000 0.000 -1.000 0.000 -1.000 3.200 -1.000 -1.000 
0.000 0.000 0.000 0.000 0.000 -1.000 0.000 -1.000 2.200 -1.000 

8.5
FIRST
-997.800 -1.000 0.000 -1.000 0.000 0.000 0.000 0.000 0.000 4999.000 
-1.000 3.200 -1.000 0.000 -1.000 0.000 0.000 0.000 0.000 -1.000 
0.000 -1.000 2.200 0.000 0.000 -1.000 0.000 0.000 0.000 -1.000 
-1.000 0.000 0.000 3.200 -1.000 0.000 -1.000 0.000 0.000 -1.000 
0.000 -1.000 0.000 -1.000 4.200 -1.000 0.000 -1.000 0.000 -1.000 
0.000 0.000 -1.000 0.000 -1.000 3.200 0.000 0.000 -1.000 -1.000 
0.000 0.000 0.000 -1.000 0.000 0.000 2.200 -1.000 0.000 -1.000 
0.000 0.000 0.000 0.000 -1.000 0.000 -1.000 3.200 -1.000 -1.000 
0.000 0.000 0.000 0.000 0.000 -1.000 0.000 -1.000 2.200 -1.000 

9
FIRST
-997.800 -1.000 0.000 -1.000 0.000 0.000 0.000 0.000 0.000 4999.000 
-1.000 3.200 -1.000 0.000 -1.000 0.000 0.000 0.000 0.000 -1.000 
0.000 -1.000 2.200 0.000 0.000 -1.000 0.000 0.000 0.000 -1.000 
-1.000 0.000 0.000 3.200 -1.000 0.000 -1.000 0.000 0.000 -1.000 
0.000 -1.000 0.000 -1.000 4.200 -1.000 0.000 -1.000 0.000 -1.000 
0.000 0.000 -1.000 0.000 -1.000 3.200 0.000 0.000 -1.000 -1.000 
0.000 0.000 0.000 -1.000 0.000 0.000 2.200 -1.000 0.000 -1.000 
0.000 0.000 0.000 0.000 -1.000 0.000 -1.000 3.200 -1.000 -1.000 
0.000 0.000 0.000 0.000 0.000 -1.000 0.000 -1.000 2.200 -1.000 

9.5
FIRST
-997.800 -1.000 0.000 -1.000 0.000 0.000 0.000 0.000 0.000 4999.000 
-1.000 3.200 -1.000 0.000 -1.000 0.000 0.000 0.000 0.000 -1.000 
0.000 -1.000 2.200 0.000 0.000 -1.000 0.000 0.000 0.000 -1.000 
-1.000 0.000 0.000 3.200 -1.000 0.000 -1.000 0.000 0.000 -1.000 
0.000 -1.000 0.000 -1.000 4.200 -1.000 0.000 -1.000 0.000 -1.000 
0.000 0.000 -1.000 0.000 -1.000 3.200 0.000 0.000 -1.000 -1.000 
0.000 0.000 0.000 -1.000 0.000 0.000 2.200 -1.000 0.000 -1.000 
0.000 0.000 0.000 0.000 -1.000 0.000 -1.000 3.200 -1.000 -1.000 
0.000 0.000 0.000 0.000 0.000 -1.000 0.000 -1.000 2.200 -1.000 

10
Time executing :: 9466 on number of process 1
