FIRST
-997.800 -1.000 0.000 -1.000 0.000 0.000 5000.000 
0.000 3.201 -1.000 0.001 -1.000 0.000 -5.011 
0.000 0.000 1.888 0.000 -0.312 -1.000 -1.565 
0.000 0.000 0.000 0.001 0.000 0.000 -5.009 
0.000 0.000 0.000 0.000 -0.364 -0.166 -1.825 
0.000 0.000 -0.000 0.000 -0.166 -0.530 -0.829 

SECOND
2.200 -1.000 0.000 -1.000 0.000 0.000 -0.000 
0.000 2.745 -1.000 -0.455 -1.000 0.000 -0.000 
0.000 0.000 1.836 -0.166 -0.364 -1.000 -0.000 
0.000 0.000 0.000 -0.545 -0.198 -0.090 -0.000 
0.000 0.000 0.000 -0.198 -0.437 -0.198 -0.000 
0.000 0.000 0.000 -0.090 -0.198 -0.545 -0.000 

-997.800 -1.000 0.000 0.000 0.000 0.000 -1.000 0.000 0.000 5000.000 
-1.000 3.200 -1.000 0.000 0.000 0.000 0.000 -1.000 0.000 0.000 
0.000 -1.000 2.200 0.000 0.000 0.000 0.000 0.000 -1.000 0.000 
0.000 0.000 0.000 2.200 -1.000 0.000 -1.000 0.000 0.000 0.000 
0.000 0.000 0.000 -1.000 3.200 -1.000 0.000 -1.000 0.000 0.000 
0.000 0.000 0.000 0.000 -1.000 2.200 0.000 0.000 -1.000 0.000 
-1.000 0.000 0.000 -1.000 0.000 0.000 3.200 -1.000 0.000 0.000 
0.000 -1.000 0.000 0.000 -1.000 0.000 -1.000 4.200 -1.000 0.000 
0.000 0.000 -1.000 0.000 0.000 -1.000 0.000 -1.000 3.200 0.000 

2.66 -1.20 -0.09 -5.01 
-1.20 3.40 -1.36 -1.82 
-0.09 -1.36 2.13 -0.83 
0
FIRST
-997.800 -1.000 0.000 -1.000 0.000 0.000 4998.999 
0.000 3.201 -1.000 0.001 -1.000 0.000 -5.623 
0.000 0.000 1.888 0.000 -0.312 -1.000 -2.226 
0.000 0.000 0.000 0.001 0.000 0.000 -5.008 
0.000 0.000 0.000 0.000 -0.364 -0.166 -2.125 
0.000 0.000 -0.000 0.000 -0.166 -0.530 -1.179 

SECOND
2.200 -1.000 0.000 -1.000 0.000 0.000 -0.469 
0.000 2.745 -1.000 -0.455 -1.000 0.000 -0.633 
0.000 0.000 1.836 -0.166 -0.364 -1.000 -0.612 
0.000 0.000 0.000 -0.545 -0.198 -0.090 -0.373 
0.000 0.000 0.000 -0.198 -0.437 -0.198 -0.352 
0.000 0.000 0.000 -0.090 -0.198 -0.545 -0.333 

-997.800 -1.000 0.000 0.000 0.000 0.000 -1.000 0.000 0.000 4998.999 
-1.000 3.200 -1.000 0.000 0.000 0.000 0.000 -1.000 0.000 -0.613 
0.000 -1.000 2.200 0.000 0.000 0.000 0.000 0.000 -1.000 -0.469 
0.000 0.000 0.000 2.200 -1.000 0.000 -1.000 0.000 0.000 -0.469 
0.000 0.000 0.000 -1.000 3.200 -1.000 0.000 -1.000 0.000 -0.420 
0.000 0.000 0.000 0.000 -1.000 2.200 0.000 0.000 -1.000 -0.381 
-1.000 0.000 0.000 -1.000 0.000 0.000 3.200 -1.000 0.000 -0.613 
0.000 -1.000 0.000 0.000 -1.000 0.000 -1.000 4.200 -1.000 -0.492 
0.000 0.000 -1.000 0.000 0.000 -1.000 0.000 -1.000 3.200 -0.420 

2.66 -1.20 -0.09 -5.99 
-1.20 3.40 -1.36 -2.97 
-0.09 -1.36 2.13 -1.93 
0.5
FIRST
-997.800 -1.000 0.000 -1.000 0.000 0.000 4999.000 
0.000 3.201 -1.000 0.001 -1.000 0.000 -5.816 
0.000 0.000 1.888 0.000 -0.312 -1.000 -2.538 
0.000 0.000 0.000 0.001 0.000 0.000 -5.008 
0.000 0.000 0.000 0.000 -0.364 -0.166 -2.237 
0.000 0.000 -0.000 0.000 -0.166 -0.530 -1.345 

SECOND
2.200 -1.000 0.000 -1.000 0.000 0.000 -0.721 
0.000 2.745 -1.000 -0.455 -1.000 0.000 -1.015 
0.000 0.000 1.836 -0.166 -0.364 -1.000 -1.029 
0.000 0.000 0.000 -0.545 -0.198 -0.090 -0.589 
0.000 0.000 0.000 -0.198 -0.437 -0.198 -0.574 
0.000 0.000 0.000 -0.090 -0.198 -0.545 -0.561 

-997.800 -1.000 0.000 0.000 0.000 0.000 -1.000 0.000 0.000 4999.000 
-1.000 3.200 -1.000 0.000 0.000 0.000 0.000 -1.000 0.000 -0.806 
0.000 -1.000 2.200 0.000 0.000 0.000 0.000 0.000 -1.000 -0.721 
0.000 0.000 0.000 2.200 -1.000 0.000 -1.000 0.000 0.000 -0.721 
0.000 0.000 0.000 -1.000 3.200 -1.000 0.000 -1.000 0.000 -0.687 
0.000 0.000 0.000 0.000 -1.000 2.200 0.000 0.000 -1.000 -0.659 
-1.000 0.000 0.000 -1.000 0.000 0.000 3.200 -1.000 0.000 -0.806 
0.000 -1.000 0.000 0.000 -1.000 0.000 -1.000 4.200 -1.000 -0.734 
0.000 0.000 -1.000 0.000 0.000 -1.000 0.000 -1.000 3.200 -0.687 

2.66 -1.20 -0.09 -6.40 
-1.20 3.40 -1.36 -3.55 
-0.09 -1.36 2.13 -2.59 
1
FIRST
-997.800 -1.000 0.000 -1.000 0.000 0.000 4999.000 
0.000 3.201 -1.000 0.001 -1.000 0.000 -5.908 
0.000 0.000 1.888 0.000 -0.312 -1.000 -2.698 
0.000 0.000 0.000 0.001 0.000 0.000 -5.008 
0.000 0.000 0.000 0.000 -0.364 -0.166 -2.292 
0.000 0.000 -0.000 0.000 -0.166 -0.530 -1.429 

SECOND
2.200 -1.000 0.000 -1.000 0.000 0.000 -0.853 
0.000 2.745 -1.000 -0.455 -1.000 0.000 -1.221 
0.000 0.000 1.836 -0.166 -0.364 -1.000 -1.262 
0.000 0.000 0.000 -0.545 -0.198 -0.090 -0.704 
0.000 0.000 0.000 -0.198 -0.437 -0.198 -0.695 
0.000 0.000 0.000 -0.090 -0.198 -0.545 -0.688 

-997.800 -1.000 0.000 0.000 0.000 0.000 -1.000 0.000 0.000 4999.000 
-1.000 3.200 -1.000 0.000 0.000 0.000 0.000 -1.000 0.000 -0.898 
0.000 -1.000 2.200 0.000 0.000 0.000 0.000 0.000 -1.000 -0.853 
0.000 0.000 0.000 2.200 -1.000 0.000 -1.000 0.000 0.000 -0.853 
0.000 0.000 0.000 -1.000 3.200 -1.000 0.000 -1.000 0.000 -0.834 
0.000 0.000 0.000 0.000 -1.000 2.200 0.000 0.000 -1.000 -0.818 
-1.000 0.000 0.000 -1.000 0.000 0.000 3.200 -1.000 0.000 -0.898 
0.000 -1.000 0.000 0.000 -1.000 0.000 -1.000 4.200 -1.000 -0.859 
0.000 0.000 -1.000 0.000 0.000 -1.000 0.000 -1.000 3.200 -0.834 

2.66 -1.20 -0.09 -6.61 
-1.20 3.40 -1.36 -3.85 
-0.09 -1.36 2.13 -2.95 
1.5
FIRST
-997.800 -1.000 0.000 -1.000 0.000 0.000 4999.000 
0.000 3.201 -1.000 0.001 -1.000 0.000 -5.956 
0.000 0.000 1.888 0.000 -0.312 -1.000 -2.782 
0.000 0.000 0.000 0.001 0.000 0.000 -5.008 
0.000 0.000 0.000 0.000 -0.364 -0.166 -2.321 
0.000 0.000 -0.000 0.000 -0.166 -0.530 -1.474 

SECOND
2.200 -1.000 0.000 -1.000 0.000 0.000 -0.922 
0.000 2.745 -1.000 -0.455 -1.000 0.000 -1.331 
0.000 0.000 1.836 -0.166 -0.364 -1.000 -1.388 
0.000 0.000 0.000 -0.545 -0.198 -0.090 -0.764 
0.000 0.000 0.000 -0.198 -0.437 -0.198 -0.760 
0.000 0.000 0.000 -0.090 -0.198 -0.545 -0.756 

-997.800 -1.000 0.000 0.000 0.000 0.000 -1.000 0.000 0.000 4999.000 
-1.000 3.200 -1.000 0.000 0.000 0.000 0.000 -1.000 0.000 -0.946 
0.000 -1.000 2.200 0.000 0.000 0.000 0.000 0.000 -1.000 -0.922 
0.000 0.000 0.000 2.200 -1.000 0.000 -1.000 0.000 0.000 -0.922 
0.000 0.000 0.000 -1.000 3.200 -1.000 0.000 -1.000 0.000 -0.912 
0.000 0.000 0.000 0.000 -1.000 2.200 0.000 0.000 -1.000 -0.903 
-1.000 0.000 0.000 -1.000 0.000 0.000 3.200 -1.000 0.000 -0.946 
0.000 -1.000 0.000 0.000 -1.000 0.000 -1.000 4.200 -1.000 -0.925 
0.000 0.000 -1.000 0.000 0.000 -1.000 0.000 -1.000 3.200 -0.912 

2.66 -1.20 -0.09 -6.72 
-1.20 3.40 -1.36 -4.01 
-0.09 -1.36 2.13 -3.14 
2
FIRST
-997.800 -1.000 0.000 -1.000 0.000 0.000 4999.000 
0.000 3.201 -1.000 0.001 -1.000 0.000 -5.981 
0.000 0.000 1.888 0.000 -0.312 -1.000 -2.827 
0.000 0.000 0.000 0.001 0.000 0.000 -5.008 
0.000 0.000 0.000 0.000 -0.364 -0.166 -2.336 
0.000 0.000 -0.000 0.000 -0.166 -0.530 -1.498 

SECOND
2.200 -1.000 0.000 -1.000 0.000 0.000 -0.959 
0.000 2.745 -1.000 -0.455 -1.000 0.000 -1.389 
0.000 0.000 1.836 -0.166 -0.364 -1.000 -1.454 
0.000 0.000 0.000 -0.545 -0.198 -0.090 -0.797 
0.000 0.000 0.000 -0.198 -0.437 -0.198 -0.794 
0.000 0.000 0.000 -0.090 -0.198 -0.545 -0.792 

-997.800 -1.000 0.000 0.000 0.000 0.000 -1.000 0.000 0.000 4999.000 
-1.000 3.200 -1.000 0.000 0.000 0.000 0.000 -1.000 0.000 -0.971 
0.000 -1.000 2.200 0.000 0.000 0.000 0.000 0.000 -1.000 -0.959 
0.000 0.000 0.000 2.200 -1.000 0.000 -1.000 0.000 0.000 -0.959 
0.000 0.000 0.000 -1.000 3.200 -1.000 0.000 -1.000 0.000 -0.953 
0.000 0.000 0.000 0.000 -1.000 2.200 0.000 0.000 -1.000 -0.948 
-1.000 0.000 0.000 -1.000 0.000 0.000 3.200 -1.000 0.000 -0.971 
0.000 -1.000 0.000 0.000 -1.000 0.000 -1.000 4.200 -1.000 -0.960 
0.000 0.000 -1.000 0.000 0.000 -1.000 0.000 -1.000 3.200 -0.953 

2.66 -1.20 -0.09 -6.78 
-1.20 3.40 -1.36 -4.09 
-0.09 -1.36 2.13 -3.24 
2.5
FIRST
-997.800 -1.000 0.000 -1.000 0.000 0.000 4999.000 
0.000 3.201 -1.000 0.001 -1.000 0.000 -5.995 
0.000 0.000 1.888 0.000 -0.312 -1.000 -2.851 
0.000 0.000 0.000 0.001 0.000 0.000 -5.008 
0.000 0.000 0.000 0.000 -0.364 -0.166 -2.345 
0.000 0.000 -0.000 0.000 -0.166 -0.530 -1.510 

SECOND
2.200 -1.000 0.000 -1.000 0.000 0.000 -0.978 
0.000 2.745 -1.000 -0.455 -1.000 0.000 -1.420 
0.000 0.000 1.836 -0.166 -0.364 -1.000 -1.490 
0.000 0.000 0.000 -0.545 -0.198 -0.090 -0.814 
0.000 0.000 0.000 -0.198 -0.437 -0.198 -0.813 
0.000 0.000 0.000 -0.090 -0.198 -0.545 -0.812 

-997.800 -1.000 0.000 0.000 0.000 0.000 -1.000 0.000 0.000 4999.000 
-1.000 3.200 -1.000 0.000 0.000 0.000 0.000 -1.000 0.000 -0.985 
0.000 -1.000 2.200 0.000 0.000 0.000 0.000 0.000 -1.000 -0.978 
0.000 0.000 0.000 2.200 -1.000 0.000 -1.000 0.000 0.000 -0.978 
0.000 0.000 0.000 -1.000 3.200 -1.000 0.000 -1.000 0.000 -0.975 
0.000 0.000 0.000 0.000 -1.000 2.200 0.000 0.000 -1.000 -0.973 
-1.000 0.000 0.000 -1.000 0.000 0.000 3.200 -1.000 0.000 -0.985 
0.000 -1.000 0.000 0.000 -1.000 0.000 -1.000 4.200 -1.000 -0.979 
0.000 0.000 -1.000 0.000 0.000 -1.000 0.000 -1.000 3.200 -0.975 

2.66 -1.20 -0.09 -6.81 
-1.20 3.40 -1.36 -4.14 
-0.09 -1.36 2.13 -3.30 
3
FIRST
-997.800 -1.000 0.000 -1.000 0.000 0.000 4999.000 
0.000 3.201 -1.000 0.001 -1.000 0.000 -6.002 
0.000 0.000 1.888 0.000 -0.312 -1.000 -2.863 
0.000 0.000 0.000 0.001 0.000 0.000 -5.008 
0.000 0.000 0.000 0.000 -0.364 -0.166 -2.349 
0.000 0.000 -0.000 0.000 -0.166 -0.530 -1.517 

SECOND
2.200 -1.000 0.000 -1.000 0.000 0.000 -0.988 
0.000 2.745 -1.000 -0.455 -1.000 0.000 -1.436 
0.000 0.000 1.836 -0.166 -0.364 -1.000 -1.509 
0.000 0.000 0.000 -0.545 -0.198 -0.090 -0.823 
0.000 0.000 0.000 -0.198 -0.437 -0.198 -0.822 
0.000 0.000 0.000 -0.090 -0.198 -0.545 -0.822 

-997.800 -1.000 0.000 0.000 0.000 0.000 -1.000 0.000 0.000 4999.000 
-1.000 3.200 -1.000 0.000 0.000 0.000 0.000 -1.000 0.000 -0.992 
0.000 -1.000 2.200 0.000 0.000 0.000 0.000 0.000 -1.000 -0.988 
0.000 0.000 0.000 2.200 -1.000 0.000 -1.000 0.000 0.000 -0.988 
0.000 0.000 0.000 -1.000 3.200 -1.000 0.000 -1.000 0.000 -0.987 
0.000 0.000 0.000 0.000 -1.000 2.200 0.000 0.000 -1.000 -0.985 
-1.000 0.000 0.000 -1.000 0.000 0.000 3.200 -1.000 0.000 -0.992 
0.000 -1.000 0.000 0.000 -1.000 0.000 -1.000 4.200 -1.000 -0.989 
0.000 0.000 -1.000 0.000 0.000 -1.000 0.000 -1.000 3.200 -0.987 

2.66 -1.20 -0.09 -6.82 
-1.20 3.40 -1.36 -4.16 
-0.09 -1.36 2.13 -3.33 
3.5
FIRST
-997.800 -1.000 0.000 -1.000 0.000 0.000 4999.000 
0.000 3.201 -1.000 0.001 -1.000 0.000 -6.006 
0.000 0.000 1.888 0.000 -0.312 -1.000 -2.870 
0.000 0.000 0.000 0.001 0.000 0.000 -5.008 
0.000 0.000 0.000 0.000 -0.364 -0.166 -2.351 
0.000 0.000 -0.000 0.000 -0.166 -0.530 -1.520 

SECOND
2.200 -1.000 0.000 -1.000 0.000 0.000 -0.994 
0.000 2.745 -1.000 -0.455 -1.000 0.000 -1.445 
0.000 0.000 1.836 -0.166 -0.364 -1.000 -1.519 
0.000 0.000 0.000 -0.545 -0.198 -0.090 -0.828 
0.000 0.000 0.000 -0.198 -0.437 -0.198 -0.828 
0.000 0.000 0.000 -0.090 -0.198 -0.545 -0.827 

-997.800 -1.000 0.000 0.000 0.000 0.000 -1.000 0.000 0.000 4999.000 
-1.000 3.200 -1.000 0.000 0.000 0.000 0.000 -1.000 0.000 -0.996 
0.000 -1.000 2.200 0.000 0.000 0.000 0.000 0.000 -1.000 -0.994 
0.000 0.000 0.000 2.200 -1.000 0.000 -1.000 0.000 0.000 -0.994 
0.000 0.000 0.000 -1.000 3.200 -1.000 0.000 -1.000 0.000 -0.993 
0.000 0.000 0.000 0.000 -1.000 2.200 0.000 0.000 -1.000 -0.992 
-1.000 0.000 0.000 -1.000 0.000 0.000 3.200 -1.000 0.000 -0.996 
0.000 -1.000 0.000 0.000 -1.000 0.000 -1.000 4.200 -1.000 -0.994 
0.000 0.000 -1.000 0.000 0.000 -1.000 0.000 -1.000 3.200 -0.993 

2.66 -1.20 -0.09 -6.83 
-1.20 3.40 -1.36 -4.17 
-0.09 -1.36 2.13 -3.34 
4
FIRST
-997.800 -1.000 0.000 -1.000 0.000 0.000 4999.000 
0.000 3.201 -1.000 0.001 -1.000 0.000 -6.008 
0.000 0.000 1.888 0.000 -0.312 -1.000 -2.874 
0.000 0.000 0.000 0.001 0.000 0.000 -5.008 
0.000 0.000 0.000 0.000 -0.364 -0.166 -2.352 
0.000 0.000 -0.000 0.000 -0.166 -0.530 -1.522 

SECOND
2.200 -1.000 0.000 -1.000 0.000 0.000 -0.997 
0.000 2.745 -1.000 -0.455 -1.000 0.000 -1.449 
0.000 0.000 1.836 -0.166 -0.364 -1.000 -1.524 
0.000 0.000 0.000 -0.545 -0.198 -0.090 -0.830 
0.000 0.000 0.000 -0.198 -0.437 -0.198 -0.830 
0.000 0.000 0.000 -0.090 -0.198 -0.545 -0.830 

-997.800 -1.000 0.000 0.000 0.000 0.000 -1.000 0.000 0.000 4999.000 
-1.000 3.200 -1.000 0.000 0.000 0.000 0.000 -1.000 0.000 -0.998 
0.000 -1.000 2.200 0.000 0.000 0.000 0.000 0.000 -1.000 -0.997 
0.000 0.000 0.000 2.200 -1.000 0.000 -1.000 0.000 0.000 -0.997 
0.000 0.000 0.000 -1.000 3.200 -1.000 0.000 -1.000 0.000 -0.996 
0.000 0.000 0.000 0.000 -1.000 2.200 0.000 0.000 -1.000 -0.996 
-1.000 0.000 0.000 -1.000 0.000 0.000 3.200 -1.000 0.000 -0.998 
0.000 -1.000 0.000 0.000 -1.000 0.000 -1.000 4.200 -1.000 -0.997 
0.000 0.000 -1.000 0.000 0.000 -1.000 0.000 -1.000 3.200 -0.996 

2.66 -1.20 -0.09 -6.84 
-1.20 3.40 -1.36 -4.18 
-0.09 -1.36 2.13 -3.35 
4.5
FIRST
-997.800 -1.000 0.000 -1.000 0.000 0.000 4999.000 
0.000 3.201 -1.000 0.001 -1.000 0.000 -6.009 
0.000 0.000 1.888 0.000 -0.312 -1.000 -2.875 
0.000 0.000 0.000 0.001 0.000 0.000 -5.008 
0.000 0.000 0.000 0.000 -0.364 -0.166 -2.353 
0.000 0.000 -0.000 0.000 -0.166 -0.530 -1.523 

SECOND
2.200 -1.000 0.000 -1.000 0.000 0.000 -0.998 
0.000 2.745 -1.000 -0.455 -1.000 0.000 -1.452 
0.000 0.000 1.836 -0.166 -0.364 -1.000 -1.527 
0.000 0.000 0.000 -0.545 -0.198 -0.090 -0.832 
0.000 0.000 0.000 -0.198 -0.437 -0.198 -0.832 
0.000 0.000 0.000 -0.090 -0.198 -0.545 -0.832 

-997.800 -1.000 0.000 0.000 0.000 0.000 -1.000 0.000 0.000 4999.000 
-1.000 3.200 -1.000 0.000 0.000 0.000 0.000 -1.000 0.000 -0.999 
0.000 -1.000 2.200 0.000 0.000 0.000 0.000 0.000 -1.000 -0.998 
0.000 0.000 0.000 2.200 -1.000 0.000 -1.000 0.000 0.000 -0.998 
0.000 0.000 0.000 -1.000 3.200 -1.000 0.000 -1.000 0.000 -0.998 
0.000 0.000 0.000 0.000 -1.000 2.200 0.000 0.000 -1.000 -0.998 
-1.000 0.000 0.000 -1.000 0.000 0.000 3.200 -1.000 0.000 -0.999 
0.000 -1.000 0.000 0.000 -1.000 0.000 -1.000 4.200 -1.000 -0.998 
0.000 0.000 -1.000 0.000 0.000 -1.000 0.000 -1.000 3.200 -0.998 

2.66 -1.20 -0.09 -6.84 
-1.20 3.40 -1.36 -4.18 
-0.09 -1.36 2.13 -3.35 
5
FIRST
-997.800 -1.000 0.000 -1.000 0.000 0.000 4999.000 
0.000 3.201 -1.000 0.001 -1.000 0.000 -6.009 
0.000 0.000 1.888 0.000 -0.312 -1.000 -2.876 
0.000 0.000 0.000 0.001 0.000 0.000 -5.008 
0.000 0.000 0.000 0.000 -0.364 -0.166 -2.353 
0.000 0.000 -0.000 0.000 -0.166 -0.530 -1.524 

SECOND
2.200 -1.000 0.000 -1.000 0.000 0.000 -0.999 
0.000 2.745 -1.000 -0.455 -1.000 0.000 -1.453 
0.000 0.000 1.836 -0.166 -0.364 -1.000 -1.528 
0.000 0.000 0.000 -0.545 -0.198 -0.090 -0.833 
0.000 0.000 0.000 -0.198 -0.437 -0.198 -0.832 
0.000 0.000 0.000 -0.090 -0.198 -0.545 -0.832 

-997.800 -1.000 0.000 0.000 0.000 0.000 -1.000 0.000 0.000 4999.000 
-1.000 3.200 -1.000 0.000 0.000 0.000 0.000 -1.000 0.000 -0.999 
0.000 -1.000 2.200 0.000 0.000 0.000 0.000 0.000 -1.000 -0.999 
0.000 0.000 0.000 2.200 -1.000 0.000 -1.000 0.000 0.000 -0.999 
0.000 0.000 0.000 -1.000 3.200 -1.000 0.000 -1.000 0.000 -0.999 
0.000 0.000 0.000 0.000 -1.000 2.200 0.000 0.000 -1.000 -0.999 
-1.000 0.000 0.000 -1.000 0.000 0.000 3.200 -1.000 0.000 -0.999 
0.000 -1.000 0.000 0.000 -1.000 0.000 -1.000 4.200 -1.000 -0.999 
0.000 0.000 -1.000 0.000 0.000 -1.000 0.000 -1.000 3.200 -0.999 

2.66 -1.20 -0.09 -6.84 
-1.20 3.40 -1.36 -4.18 
-0.09 -1.36 2.13 -3.36 
5.5
FIRST
-997.800 -1.000 0.000 -1.000 0.000 0.000 4999.000 
0.000 3.201 -1.000 0.001 -1.000 0.000 -6.010 
0.000 0.000 1.888 0.000 -0.312 -1.000 -2.877 
0.000 0.000 0.000 0.001 0.000 0.000 -5.008 
0.000 0.000 0.000 0.000 -0.364 -0.166 -2.354 
0.000 0.000 -0.000 0.000 -0.166 -0.530 -1.524 

SECOND
2.200 -1.000 0.000 -1.000 0.000 0.000 -1.000 
0.000 2.745 -1.000 -0.455 -1.000 0.000 -1.454 
0.000 0.000 1.836 -0.166 -0.364 -1.000 -1.529 
0.000 0.000 0.000 -0.545 -0.198 -0.090 -0.833 
0.000 0.000 0.000 -0.198 -0.437 -0.198 -0.833 
0.000 0.000 0.000 -0.090 -0.198 -0.545 -0.833 

-997.800 -1.000 0.000 0.000 0.000 0.000 -1.000 0.000 0.000 4999.000 
-1.000 3.200 -1.000 0.000 0.000 0.000 0.000 -1.000 0.000 -1.000 
0.000 -1.000 2.200 0.000 0.000 0.000 0.000 0.000 -1.000 -1.000 
0.000 0.000 0.000 2.200 -1.000 0.000 -1.000 0.000 0.000 -1.000 
0.000 0.000 0.000 -1.000 3.200 -1.000 0.000 -1.000 0.000 -0.999 
0.000 0.000 0.000 0.000 -1.000 2.200 0.000 0.000 -1.000 -0.999 
-1.000 0.000 0.000 -1.000 0.000 0.000 3.200 -1.000 0.000 -1.000 
0.000 -1.000 0.000 0.000 -1.000 0.000 -1.000 4.200 -1.000 -1.000 
0.000 0.000 -1.000 0.000 0.000 -1.000 0.000 -1.000 3.200 -0.999 

2.66 -1.20 -0.09 -6.84 
-1.20 3.40 -1.36 -4.19 
-0.09 -1.36 2.13 -3.36 
6
FIRST
-997.800 -1.000 0.000 -1.000 0.000 0.000 4999.000 
0.000 3.201 -1.000 0.001 -1.000 0.000 -6.010 
0.000 0.000 1.888 0.000 -0.312 -1.000 -2.877 
0.000 0.000 0.000 0.001 0.000 0.000 -5.008 
0.000 0.000 0.000 0.000 -0.364 -0.166 -2.354 
0.000 0.000 -0.000 0.000 -0.166 -0.530 -1.524 

SECOND
2.200 -1.000 0.000 -1.000 0.000 0.000 -1.000 
0.000 2.745 -1.000 -0.455 -1.000 0.000 -1.454 
0.000 0.000 1.836 -0.166 -0.364 -1.000 -1.529 
0.000 0.000 0.000 -0.545 -0.198 -0.090 -0.833 
0.000 0.000 0.000 -0.198 -0.437 -0.198 -0.833 
0.000 0.000 0.000 -0.090 -0.198 -0.545 -0.833 

-997.800 -1.000 0.000 0.000 0.000 0.000 -1.000 0.000 0.000 4999.000 
-1.000 3.200 -1.000 0.000 0.000 0.000 0.000 -1.000 0.000 -1.000 
0.000 -1.000 2.200 0.000 0.000 0.000 0.000 0.000 -1.000 -1.000 
0.000 0.000 0.000 2.200 -1.000 0.000 -1.000 0.000 0.000 -1.000 
0.000 0.000 0.000 -1.000 3.200 -1.000 0.000 -1.000 0.000 -1.000 
0.000 0.000 0.000 0.000 -1.000 2.200 0.000 0.000 -1.000 -1.000 
-1.000 0.000 0.000 -1.000 0.000 0.000 3.200 -1.000 0.000 -1.000 
0.000 -1.000 0.000 0.000 -1.000 0.000 -1.000 4.200 -1.000 -1.000 
0.000 0.000 -1.000 0.000 0.000 -1.000 0.000 -1.000 3.200 -1.000 

2.66 -1.20 -0.09 -6.84 
-1.20 3.40 -1.36 -4.19 
-0.09 -1.36 2.13 -3.36 
6.5
FIRST
-997.800 -1.000 0.000 -1.000 0.000 0.000 4999.000 
0.000 3.201 -1.000 0.001 -1.000 0.000 -6.010 
0.000 0.000 1.888 0.000 -0.312 -1.000 -2.877 
0.000 0.000 0.000 0.001 0.000 0.000 -5.008 
0.000 0.000 0.000 0.000 -0.364 -0.166 -2.354 
0.000 0.000 -0.000 0.000 -0.166 -0.530 -1.524 

SECOND
2.200 -1.000 0.000 -1.000 0.000 0.000 -1.000 
0.000 2.745 -1.000 -0.455 -1.000 0.000 -1.454 
0.000 0.000 1.836 -0.166 -0.364 -1.000 -1.530 
0.000 0.000 0.000 -0.545 -0.198 -0.090 -0.833 
0.000 0.000 0.000 -0.198 -0.437 -0.198 -0.833 
0.000 0.000 0.000 -0.090 -0.198 -0.545 -0.833 

-997.800 -1.000 0.000 0.000 0.000 0.000 -1.000 0.000 0.000 4999.000 
-1.000 3.200 -1.000 0.000 0.000 0.000 0.000 -1.000 0.000 -1.000 
0.000 -1.000 2.200 0.000 0.000 0.000 0.000 0.000 -1.000 -1.000 
0.000 0.000 0.000 2.200 -1.000 0.000 -1.000 0.000 0.000 -1.000 
0.000 0.000 0.000 -1.000 3.200 -1.000 0.000 -1.000 0.000 -1.000 
0.000 0.000 0.000 0.000 -1.000 2.200 0.000 0.000 -1.000 -1.000 
-1.000 0.000 0.000 -1.000 0.000 0.000 3.200 -1.000 0.000 -1.000 
0.000 -1.000 0.000 0.000 -1.000 0.000 -1.000 4.200 -1.000 -1.000 
0.000 0.000 -1.000 0.000 0.000 -1.000 0.000 -1.000 3.200 -1.000 

2.66 -1.20 -0.09 -6.84 
-1.20 3.40 -1.36 -4.19 
-0.09 -1.36 2.13 -3.36 
7
FIRST
-997.800 -1.000 0.000 -1.000 0.000 0.000 4999.000 
0.000 3.201 -1.000 0.001 -1.000 0.000 -6.010 
0.000 0.000 1.888 0.000 -0.312 -1.000 -2.877 
0.000 0.000 0.000 0.001 0.000 0.000 -5.008 
0.000 0.000 0.000 0.000 -0.364 -0.166 -2.354 
0.000 0.000 -0.000 0.000 -0.166 -0.530 -1.524 

SECOND
2.200 -1.000 0.000 -1.000 0.000 0.000 -1.000 
0.000 2.745 -1.000 -0.455 -1.000 0.000 -1.454 
0.000 0.000 1.836 -0.166 -0.364 -1.000 -1.530 
0.000 0.000 0.000 -0.545 -0.198 -0.090 -0.833 
0.000 0.000 0.000 -0.198 -0.437 -0.198 -0.833 
0.000 0.000 0.000 -0.090 -0.198 -0.545 -0.833 

-997.800 -1.000 0.000 0.000 0.000 0.000 -1.000 0.000 0.000 4999.000 
-1.000 3.200 -1.000 0.000 0.000 0.000 0.000 -1.000 0.000 -1.000 
0.000 -1.000 2.200 0.000 0.000 0.000 0.000 0.000 -1.000 -1.000 
0.000 0.000 0.000 2.200 -1.000 0.000 -1.000 0.000 0.000 -1.000 
0.000 0.000 0.000 -1.000 3.200 -1.000 0.000 -1.000 0.000 -1.000 
0.000 0.000 0.000 0.000 -1.000 2.200 0.000 0.000 -1.000 -1.000 
-1.000 0.000 0.000 -1.000 0.000 0.000 3.200 -1.000 0.000 -1.000 
0.000 -1.000 0.000 0.000 -1.000 0.000 -1.000 4.200 -1.000 -1.000 
0.000 0.000 -1.000 0.000 0.000 -1.000 0.000 -1.000 3.200 -1.000 

2.66 -1.20 -0.09 -6.84 
-1.20 3.40 -1.36 -4.19 
-0.09 -1.36 2.13 -3.36 
7.5
FIRST
-997.800 -1.000 0.000 -1.000 0.000 0.000 4999.000 
0.000 3.201 -1.000 0.001 -1.000 0.000 -6.010 
0.000 0.000 1.888 0.000 -0.312 -1.000 -2.877 
0.000 0.000 0.000 0.001 0.000 0.000 -5.008 
0.000 0.000 0.000 0.000 -0.364 -0.166 -2.354 
0.000 0.000 -0.000 0.000 -0.166 -0.530 -1.524 

SECOND
2.200 -1.000 0.000 -1.000 0.000 0.000 -1.000 
0.000 2.745 -1.000 -0.455 -1.000 0.000 -1.454 
0.000 0.000 1.836 -0.166 -0.364 -1.000 -1.530 
0.000 0.000 0.000 -0.545 -0.198 -0.090 -0.833 
0.000 0.000 0.000 -0.198 -0.437 -0.198 -0.833 
0.000 0.000 0.000 -0.090 -0.198 -0.545 -0.833 

-997.800 -1.000 0.000 0.000 0.000 0.000 -1.000 0.000 0.000 4999.000 
-1.000 3.200 -1.000 0.000 0.000 0.000 0.000 -1.000 0.000 -1.000 
0.000 -1.000 2.200 0.000 0.000 0.000 0.000 0.000 -1.000 -1.000 
0.000 0.000 0.000 2.200 -1.000 0.000 -1.000 0.000 0.000 -1.000 
0.000 0.000 0.000 -1.000 3.200 -1.000 0.000 -1.000 0.000 -1.000 
0.000 0.000 0.000 0.000 -1.000 2.200 0.000 0.000 -1.000 -1.000 
-1.000 0.000 0.000 -1.000 0.000 0.000 3.200 -1.000 0.000 -1.000 
0.000 -1.000 0.000 0.000 -1.000 0.000 -1.000 4.200 -1.000 -1.000 
0.000 0.000 -1.000 0.000 0.000 -1.000 0.000 -1.000 3.200 -1.000 

2.66 -1.20 -0.09 -6.84 
-1.20 3.40 -1.36 -4.19 
-0.09 -1.36 2.13 -3.36 
8
FIRST
-997.800 -1.000 0.000 -1.000 0.000 0.000 4999.000 
0.000 3.201 -1.000 0.001 -1.000 0.000 -6.010 
0.000 0.000 1.888 0.000 -0.312 -1.000 -2.878 
0.000 0.000 0.000 0.001 0.000 0.000 -5.008 
0.000 0.000 0.000 0.000 -0.364 -0.166 -2.354 
0.000 0.000 -0.000 0.000 -0.166 -0.530 -1.524 

SECOND
2.200 -1.000 0.000 -1.000 0.000 0.000 -1.000 
0.000 2.745 -1.000 -0.455 -1.000 0.000 -1.455 
0.000 0.000 1.836 -0.166 -0.364 -1.000 -1.530 
0.000 0.000 0.000 -0.545 -0.198 -0.090 -0.833 
0.000 0.000 0.000 -0.198 -0.437 -0.198 -0.833 
0.000 0.000 0.000 -0.090 -0.198 -0.545 -0.833 

-997.800 -1.000 0.000 0.000 0.000 0.000 -1.000 0.000 0.000 4999.000 
-1.000 3.200 -1.000 0.000 0.000 0.000 0.000 -1.000 0.000 -1.000 
0.000 -1.000 2.200 0.000 0.000 0.000 0.000 0.000 -1.000 -1.000 
0.000 0.000 0.000 2.200 -1.000 0.000 -1.000 0.000 0.000 -1.000 
0.000 0.000 0.000 -1.000 3.200 -1.000 0.000 -1.000 0.000 -1.000 
0.000 0.000 0.000 0.000 -1.000 2.200 0.000 0.000 -1.000 -1.000 
-1.000 0.000 0.000 -1.000 0.000 0.000 3.200 -1.000 0.000 -1.000 
0.000 -1.000 0.000 0.000 -1.000 0.000 -1.000 4.200 -1.000 -1.000 
0.000 0.000 -1.000 0.000 0.000 -1.000 0.000 -1.000 3.200 -1.000 

2.66 -1.20 -0.09 -6.84 
-1.20 3.40 -1.36 -4.19 
-0.09 -1.36 2.13 -3.36 
8.5
FIRST
-997.800 -1.000 0.000 -1.000 0.000 0.000 4999.000 
0.000 3.201 -1.000 0.001 -1.000 0.000 -6.010 
0.000 0.000 1.888 0.000 -0.312 -1.000 -2.878 
0.000 0.000 0.000 0.001 0.000 0.000 -5.008 
0.000 0.000 0.000 0.000 -0.364 -0.166 -2.354 
0.000 0.000 -0.000 0.000 -0.166 -0.530 -1.524 

SECOND
2.200 -1.000 0.000 -1.000 0.000 0.000 -1.000 
0.000 2.745 -1.000 -0.455 -1.000 0.000 -1.455 
0.000 0.000 1.836 -0.166 -0.364 -1.000 -1.530 
0.000 0.000 0.000 -0.545 -0.198 -0.090 -0.833 
0.000 0.000 0.000 -0.198 -0.437 -0.198 -0.833 
0.000 0.000 0.000 -0.090 -0.198 -0.545 -0.833 

-997.800 -1.000 0.000 0.000 0.000 0.000 -1.000 0.000 0.000 4999.000 
-1.000 3.200 -1.000 0.000 0.000 0.000 0.000 -1.000 0.000 -1.000 
0.000 -1.000 2.200 0.000 0.000 0.000 0.000 0.000 -1.000 -1.000 
0.000 0.000 0.000 2.200 -1.000 0.000 -1.000 0.000 0.000 -1.000 
0.000 0.000 0.000 -1.000 3.200 -1.000 0.000 -1.000 0.000 -1.000 
0.000 0.000 0.000 0.000 -1.000 2.200 0.000 0.000 -1.000 -1.000 
-1.000 0.000 0.000 -1.000 0.000 0.000 3.200 -1.000 0.000 -1.000 
0.000 -1.000 0.000 0.000 -1.000 0.000 -1.000 4.200 -1.000 -1.000 
0.000 0.000 -1.000 0.000 0.000 -1.000 0.000 -1.000 3.200 -1.000 

2.66 -1.20 -0.09 -6.84 
-1.20 3.40 -1.36 -4.19 
-0.09 -1.36 2.13 -3.36 
9
FIRST
-997.800 -1.000 0.000 -1.000 0.000 0.000 4999.000 
0.000 3.201 -1.000 0.001 -1.000 0.000 -6.010 
0.000 0.000 1.888 0.000 -0.312 -1.000 -2.878 
0.000 0.000 0.000 0.001 0.000 0.000 -5.008 
0.000 0.000 0.000 0.000 -0.364 -0.166 -2.354 
0.000 0.000 -0.000 0.000 -0.166 -0.530 -1.524 

SECOND
2.200 -1.000 0.000 -1.000 0.000 0.000 -1.000 
0.000 2.745 -1.000 -0.455 -1.000 0.000 -1.455 
0.000 0.000 1.836 -0.166 -0.364 -1.000 -1.530 
0.000 0.000 0.000 -0.545 -0.198 -0.090 -0.833 
0.000 0.000 0.000 -0.198 -0.437 -0.198 -0.833 
0.000 0.000 0.000 -0.090 -0.198 -0.545 -0.833 

-997.800 -1.000 0.000 0.000 0.000 0.000 -1.000 0.000 0.000 4999.000 
-1.000 3.200 -1.000 0.000 0.000 0.000 0.000 -1.000 0.000 -1.000 
0.000 -1.000 2.200 0.000 0.000 0.000 0.000 0.000 -1.000 -1.000 
0.000 0.000 0.000 2.200 -1.000 0.000 -1.000 0.000 0.000 -1.000 
0.000 0.000 0.000 -1.000 3.200 -1.000 0.000 -1.000 0.000 -1.000 
0.000 0.000 0.000 0.000 -1.000 2.200 0.000 0.000 -1.000 -1.000 
-1.000 0.000 0.000 -1.000 0.000 0.000 3.200 -1.000 0.000 -1.000 
0.000 -1.000 0.000 0.000 -1.000 0.000 -1.000 4.200 -1.000 -1.000 
0.000 0.000 -1.000 0.000 0.000 -1.000 0.000 -1.000 3.200 -1.000 

2.66 -1.20 -0.09 -6.84 
-1.20 3.40 -1.36 -4.19 
-0.09 -1.36 2.13 -3.36 
9.5
FIRST
-997.800 -1.000 0.000 -1.000 0.000 0.000 4999.000 
0.000 3.201 -1.000 0.001 -1.000 0.000 -6.010 
0.000 0.000 1.888 0.000 -0.312 -1.000 -2.878 
0.000 0.000 0.000 0.001 0.000 0.000 -5.008 
0.000 0.000 0.000 0.000 -0.364 -0.166 -2.354 
0.000 0.000 -0.000 0.000 -0.166 -0.530 -1.524 

SECOND
2.200 -1.000 0.000 -1.000 0.000 0.000 -1.000 
0.000 2.745 -1.000 -0.455 -1.000 0.000 -1.455 
0.000 0.000 1.836 -0.166 -0.364 -1.000 -1.530 
0.000 0.000 0.000 -0.545 -0.198 -0.090 -0.833 
0.000 0.000 0.000 -0.198 -0.437 -0.198 -0.833 
0.000 0.000 0.000 -0.090 -0.198 -0.545 -0.833 

-997.800 -1.000 0.000 0.000 0.000 0.000 -1.000 0.000 0.000 4999.000 
-1.000 3.200 -1.000 0.000 0.000 0.000 0.000 -1.000 0.000 -1.000 
0.000 -1.000 2.200 0.000 0.000 0.000 0.000 0.000 -1.000 -1.000 
0.000 0.000 0.000 2.200 -1.000 0.000 -1.000 0.000 0.000 -1.000 
0.000 0.000 0.000 -1.000 3.200 -1.000 0.000 -1.000 0.000 -1.000 
0.000 0.000 0.000 0.000 -1.000 2.200 0.000 0.000 -1.000 -1.000 
-1.000 0.000 0.000 -1.000 0.000 0.000 3.200 -1.000 0.000 -1.000 
0.000 -1.000 0.000 0.000 -1.000 0.000 -1.000 4.200 -1.000 -1.000 
0.000 0.000 -1.000 0.000 0.000 -1.000 0.000 -1.000 3.200 -1.000 

2.66 -1.20 -0.09 -6.84 
-1.20 3.40 -1.36 -4.19 
-0.09 -1.36 2.13 -3.36 
10
Time executing :: 33477 on number of process 2
